000111000110
010111001101
100111000001
110011100001
010111110110
110111011001
011101000000
000111100010
110111011001
010111010011
110111011001
110011011010
110111011001
011101000000
010010000000
110111001101
110011011010
010111110110
100111000001
011101000000
100111000001
110011011010
011101000000
000111100010
010111001101
100111000001
101101001100
011101000000
110111011001
000011001000
010111101000
110111011001
011101000000
100111000001
000011001000
011101000000
000111100010
010011100111
111011110000
110111001101
011101000000
100011101011
011101000000
100111100100
100111000001
110011011010
011101000000
100011010001
011101000000
000011001000
110111011001
011101000000
010011000010
010111001101
100111000001
110011100001
010111110110
110111011001
011101000000
000111100010
110111011001
010111010011
110111011001
110011011010
110111011001
101101001100
011101000000
100111000001
110011011010
011101000000
000011001000
110111011001
011101000000
010011011100
110111001101
010111010011
010011100111
100111000001
110111110000
110111011001
011101000000
010011011100
110111011001
100011101011
011101000000
100011010000
100111000001
011101000000
000011011010
100111000001
000011011010
100111000001
110111110000
