000110000110
010111001001
100111000101
110011100011
010111110100
110111010001
010101000000
000111100000
110111010001
010111010111
110111010001
110011011110
110111010001
010101000000
010010100000
110111001111
110011011110
010111110100
100111000101
010101000000
100111000101
110011011110
010101000000
000111100000
010111001001
100111000101
100101001100
010101000000
110111010001
000011001100
010111101010
110111010001
010101000000
100111000101
000011001100
010101000000
000111100000
010011100101
111011110001
110111001111
010101000000
100011101001
010101000000
100111100110
100111000101
110011011110
010101000000
100010010001
010101000000
000011001100
110111010001
010101000000
010011000110
010111001001
100111000101
110011100011
010111110100
110111010001
010101000000
000111100000
110111010001
010111010111
110111010001
110011011110
110111010001
100101001100
010101000000
100111000101
110011011110
010101000000
000011001100
110111010001
010101000000
010011011000
110111001111
010111010111
010011100101
100111000101
110111110010
110111010001
010101000000
010011011000
110111010001
100011101001
010101000000
100011010100
100111000101
010101000000
000011010010
100111000101
000011010010
100111000101
110111110010
